push
bezier
257 51 289 51 306 63 320 74
bezier
320 74 328 82 336 92 351 104
bezier
351 104 360 114 384 129 388 133
bezier
388 133 393 147 392 159 397 173
bezier
397 173 405 186 412 201 411 218
bezier
411 218 413 227 413 237 411 243
bezier
411 243 409 254 415 265 420 277
bezier
420 277 421 299 422 315 418 336
bezier
418 336 416 350 416 356 421 379
bezier
421 379 425 404 426 415 421 430
bezier
421 430 410 435 391 435 364 434
bezier
364 434 345 442 319 467 299 478
bezier
299 478 269 483 245 484 198 483
bezier
198 483 173 481 138 472 112 458
bezier
112 458 95 451 78 443 64 436
bezier
64 436 50 423 50 413 64 400
bezier
64 400 81 386 89 369 105 344
bezier
105 344 111 323 111 302 101 292
bezier
101 292 82 283 59 268 47 242
bezier
47 242 46 234 54 221 70 215
bezier
70 215 81 208 89 200 94 185
bezier
94 185 94 172 85 157 68 144
bezier
68 144 54 132 44 112 45 92
bezier
45 92 46 70 51 58 71 58
bezier
71 58 88 62 108 68 127 75
bezier
127 75 134 74 147 66 157 56
bezier
157 56 177 46 207 48 228 52
bezier
228 52 240 53 245 52 256 52
bezier
103 77 114 89 121 96 122 108
bezier
122 108 112 133 115 146 135 170
bezier
135 170 151 181 171 188 194 190
bezier
194 190 213 181 227 167 250 165
bezier
250 165 289 169 316 159 327 144
bezier
327 144 331 136 349 128 364 121
bezier
390 160 382 158 371 155 356 151
bezier
356 151 345 148 339 147 328 143
bezier
155 353 156 375 161 409 168 427
bezier
168 427 180 428 202 422 222 399
bezier
222 399 231 386 225 366 203 353
bezier
203 353 178 342 166 340 158 350
bezier
262 116 230 129 207 141 189 152
bezier
189 152 162 145 158 134 167 117
bezier
167 117 190 111 228 102 251 106
bezier
251 106 257 110 260 113 262 115
bezier
192 193 191 223 185 241 184 259
bezier
184 259 184 280 193 307 212 322
bezier
212 322 226 325 263 297 268 281
bezier
268 281 276 248 291 244 301 265
bezier
301 265 316 281 327 287 356 281
bezier
356 281 367 273 373 261 387 255
bezier
387 255 394 255 399 255 407 256
bezier
68 409 77 425 85 430 76 409
bezier
76 409 75 392 93 410 109 445
bezier
109 445 110 434 99 400 98 383
bezier
98 383 107 382 122 417 134 439
bezier
134 439 151 456 167 460 135 415
bezier
135 415 120 384 123 369 144 400
bezier
144 400 168 438 190 456 207 465
bezier
207 465 196 434 222 439 240 456
bezier
240 456 267 466 292 459 253 427
bezier
253 427 232 414 262 418 320 445
bezier
320 445 346 449 343 441 299 411
bezier
299 411 240 392 247 386 337 414
bezier
337 414 376 428 396 428 404 421
bezier
404 421 272 377 246 366 231 359
bezier
231 359 207 346 176 331 138 320
bezier
138 320 144 319 161 326 229 342
bezier
229 342 264 358 299 369 346 381
bezier
346 381 406 396 410 396 321 358
bezier
321 358 259 345 251 343 247 334
bezier
247 334 292 339 361 357 400 361
bezier
400 361 398 356 323 327 270 315
bezier
270 315 274 312 368 325 409 324
bezier
409 324 352 309 362 300 391 302
bezier
391 302 391 295 364 280 386 274
bezier
273 305 292 303 312 293 284 281
bezier
284 281 282 277 291 274 294 267
bezier
124 372 138 368 129 354 143 344
bezier
143 344 146 335 139 315 157 315
bezier
157 315 170 315 164 308 141 300
bezier
141 300 127 294 137 289 165 283
bezier
165 283 164 276 130 269 92 268
bezier
92 268 72 262 89 256 155 254
bezier
155 254 170 256 119 240 76 246
bezier
76 246 78 242 143 233 158 229
bezier
158 229 159 224 115 220 103 219
bezier
103 219 139 213 164 203 177 201
bezier
177 201 149 199 126 192 125 188
bezier
125 188 132 179 118 168 114 160
bezier
114 160 112 154 114 143 98 144
bezier
98 144 85 142 88 125 99 124
bezier
99 124 103 124 111 114 89 112
bezier
89 112 74 106 79 98 114 96
bezier
114 96 122 95 96 90 79 88
bezier
79 88 61 80 63 72 73 74
bezier
73 74 82 77 90 79 97 79
bezier
97 79 91 74 79 71 72 69
bezier
72 69 63 67 60 66 56 64
bezier
331 135 337 142 341 145 343 132
bezier
343 132 349 134 355 143 360 148
bezier
360 148 366 149 359 136 356 127
bezier
356 127 363 126 371 139 377 151
bezier
377 151 376 144 371 132 379 130
bezier
379 130 382 134 384 147 383 154
push
move
238 235 0
rotate
y 20
sphere
0 0 0 30
pop
push
move
345 210 0
rotate
x 20
sphere
0 0 0 30
save
bad.png